0.142620E+05
0.161030E+05
0.181570E+05
0.200790E+05
0.220860E+05
0.239480E+05
0.259850E+05
0.278550E+05
0.299370E+05
0.317770E+05
0.337050E+05
0.357330E+05
0.377780E+05
0.397440E+05
0.416610E+05
0.435690E+05
0.453880E+05
0.476900E+05
0.493270E+05
0.512830E+05
0.534120E+05
0.553410E+05
0.574220E+05
0.590290E+05
0.613210E+05
0.632270E+05
0.650020E+05
0.672260E+05
0.689100E+05
0.710000E+05
0.729920E+05
0.749970E+05
0.766350E+05
0.791020E+05
0.807900E+05
0.827640E+05
0.847160E+05
0.867630E+05
0.885500E+05
0.903750E+05
0.926610E+05
0.945780E+05
0.963020E+05
0.984020E+05
0.100235E+06
0.102446E+06
0.104414E+06
0.106247E+06
0.108029E+06
0.549490E+05
